33
2
45
1
65
96
44
54
20
69
4
66
70
28
27
0
33
51
49
61
71
10
9
88
89
15
87
43
55
6
82
97
83
77
71
61
68
15
80
46
95
55
96
64
0
0
92
12
31
47
71
16
83
49
71
22
5
23
59
83
30
28
2
16
78
7
13
57
56
15
18
99
28
28
21
52
97
58
99
44
32
32
79
19
58
55
85
62
76
42
75
20
25
96
66
66
79
9
12
79
75
36
28
90
15
89
52
78
97
27
65
65
65
46
30
64
61
29
41
27
97
31
82
20
10
59
82
3
37
13
17
2
20
51
48
30
1
14
25
38
59
47
5
55
53
74
72
93
60
58
46
54
70
93
1
33
8
47
38
11
24
32
45
49
43
40
82
73
10
47
32
84
97
68
11
5
69
86
33
45
44
18
57
15
95
65
96
94
7
60
59
21
65
38
79
87
40
41
60
20
29
40
76
85
42
45
31
56
97
18
40
48
87
98
28
33
69
20
63
91
75
29
24
93
44
54
65
1
99
96
0
43
79
84
58
7
50
39
58
36
88
28
83
71
67
38
57
45
15
84
34
48
32
66
62
37
60
6
29
92
0
41
93
57
31
57
38
92
18
36
99
20
26
59
88
60
34
76
59
58
6
54
84
50
94
16
43
43
50
89
81
29
46
67
3
47
66
21
68
67
84
80
95
37
24
3
96
57
37
31
75
93
50
70
14
47
2
50
65
48
81
2
21
55
59
74
71
0
19
70
48
8
25
97
32
54
34
19
6
89
93
80
27
78
18
44
88
5
34
73
31
15
30
95
19
89
15
35
88
54
19
22
73
60
49
62
16
61
99
4
56
96
13
69
34
29
50
11
30
63
47
95
46
9
8
18
13
65
20
61
50
82
85
46
36
81
92
32
50
71
7
55
88
14
28
77
36
29
84
21
92
57
17
51
93
62
4
57
32
99
43
65
77
59
94
98
17
9
46
89
10
39
91
90
79
59
72
13
86
95
73
37
77
99
80
10
12
1
90
98
24
65
60
42
58
95
97
95
88
94
44
1
77
83
75
22
41
31
55
8
91
46
23
58
38
13
53
39
51
67
81
50
73
44
7
0
24
75
87
22
12
14
36
23
70
20
22
19
41
91
59
95
27
51
82
78
19
40
82
15
27
88
13
37
14
33
68
32
20
6
56
62
42
0
7
83
41
13
89
41
28
62
3
93
82
90
65
19
27
83
24
28
15
43
35
39
84
15
43
57
84
9
79
42
14
37
54
62
63
40
59
52
67
28
94
10
13
87
17
62
52
73
84
45
83
93
43
16
83
98
73
15
70
28
64
38
8
31
83
87
71
6
49
48
15
81
10
63
47
45
57
35
68
4
36
51
15
86
0
27
99
26
36
51
49
35
28
25
88
16
83
90
65
34
38
81
35
25
34
67
4
80
78
66
28
3
37
65
80
41
54
30
72
47
89
77
98
9
23
17
57
2
75
76
65
62
67
82
74
32
54
87
77
50
67
83
32
19
24
20
37
51
66
24
49
90
16
4
35
38
44
4
4
75
57
88
56
47
32
97
91
99
50
58
9
97
61
78
3
34
27
83
82
64
52
84
83
69
26
24
98
20
52
83
9
94
51
11
9
84
8
4
3
56
89
72
56
82
76
27
87
18
88
26
84
87
91
71
90
6
85
98
91
69
58
35
88
27
47
48
28
98
51
48
26
81
77
34
82
16
71
21
42
86
97
94
22
61
84
54
14
44
3
37
84
82
79
46
97
47
87
51
82
77
78
70
75
17
97
75
88
20
38
38
69
85
72
18
44
73
30
87
42
55
30
61
19
58
18
73
79
96
93
61
5
81
96
84
72
84
17
0
69
2
82
49
79
29
8
31
34
77
70
11
95
95
36
27
55
70
88
52
27
48
99
66
87
17
46
67
15
7
37
76
69
93
11
53
50
38
20
28
13
95
23
62
86
77
23
2
9
50
88
7
17
98
20
60
80
57
72
83
93
28
1
15
69
18
28
91
56
38
22
73
80
47
6
48
0
63
37
51
47
69
15
97
76
14
71
70
90
39
13
67
69
97
85
54
36
69
37
59
70
31
81
59
47
50
46
80
80
19
64
9
27
88
16
12
70
36
34
85
3
65
18
21
13
33
74
61
98
57
36
21
56
55
48
14
59
92
12
32
60
36
66
40
24
47
36
58
69
4
60
55
23
19
38
88
31
67
54
50
59
27
42
45
93
20
93
0
11
89
68
99
77
10
1
13
75
73
